Run time, Error, Target angle
123, -13.97812, 25.54853
422, -12.74766, 22.999
610, -12.25547, 20.56053
735, -12.20625, 18.12187
1040, -6.69375, 16.87125
7325, -6.398438, 15.59157
7868, -5.217188, 14.54813
8597, -4.626562, 13.62682
8901, -4.577344, 12.71224
9812, -15.40547, 9.572241
10000, -14.9625, 6.588651
10124, -12.6, 4.158706
10310, -11.22187, 1.953552
10433, -10.53281, -0.1240978
10616, -7.382813, -1.516976
10738, -5.414063, -2.519536
10926, -2.411719, -2.921605
11043, -1.525781, -3.186521
11225, -0.8367188, -3.333937
11344, -0.3445313, -3.382371
11534, 0.196875, -3.328499
11659, 0.590625, -3.19458
11842, 1.18125, -2.942291
11962, 1.575, -2.610907
12150, 2.165625, -2.161966
12267, 2.559375, -1.633462
12393, 2.854688, -1.050514
12575, 3.396094, -0.356463
12699, 3.592969, 0.3704222
12886, 3.789844, 1.133806
13008, 4.085156, 1.962442
13190, 3.100781, 2.557174
13313, 2.953125, 3.140616
13500, 2.214844, 3.564258
13619, 2.559375, 4.088394
13807, 3.100781, 4.722936
13932, 2.903906, 5.297224
14120, 2.510156, 5.788944
14243, 2.903906, 6.384132
14431, 3.15, 7.021032
14557, 3.199219, 7.663123
14740, 3.445313, 8.358688
14929, 3.592969, 9.081314
15047, 3.888281, 9.870853
15172, 4.035937, 10.68431
15358, 2.953125, 11.24727
15487, 3.15, 11.8829
15678, 2.903906, 12.45772
15803, 2.116406, 12.85103
15994, 1.722656, 13.18452
16114, 2.214844, 13.64618
16300, 1.378125, 13.90111
16424, 1.328906, 14.16378
16608, 1.673438, 14.50736
16729, 1.378125, 14.77216
16919, 1.624219, 15.10282
17046, 1.919531, 15.49792
17235, 2.3625, 15.98212
17358, 2.657813, 16.52576
17544, 2.75625, 17.08003
17669, 3.051562, 17.70171
17853, 3.100781, 18.32361
17978, 3.051562, 18.93217
18166, 2.608594, 19.44257
18296, 2.854688, 20.02183
18483, 3.100781, 20.64864
18612, 3.002344, 21.24593
18806, 2.559375, 21.74665
18928, 2.116406, 22.15221
19121, 1.132031, 22.35342
19249, 1.378125, 22.63657
19441, 1.427344, 22.92356
19570, 1.673438, 23.26733
19755, 0.7875, 23.40224
19883, 0.9351563, 23.59341
20072, 1.033594, 23.8028
20196, 1.230469, 24.05651
20383, 1.230469, 24.30292
20508, 1.328906, 24.57244
20696, 1.525781, 24.88278
20825, 1.427344, 25.16495
21021, 1.673438, 25.50551
21153, 1.870313, 25.887
21342, 1.870313, 26.26136
21466, 2.017969, 26.67052
21655, 1.96875, 27.06325
21785, 2.165625, 27.50345
21908, 2.017969, 27.90184
22103, 1.673438, 28.22783
22231, 1.525781, 28.52705
22425, 1.722656, 28.87624
22551, 1.870313, 29.25609
22747, 1.870313, 29.63038
22875, 1.575, 29.93461
23065, 1.476563, 30.22701
23191, 1.575, 30.54553
23384, 0.984375, 30.72793
23514, 1.082813, 30.94722
23706, 0.5414063, 31.04207
23839, 0.6398437, 31.1728
24033, 0.6890625, 31.31193
24158, 0.7382813, 31.46153
24345, 0.8367188, 31.63148
24474, 0.8367188, 31.79897
24667, 0.6398437, 31.92203
24793, -0.1476563, 31.86303
24987, -0.0984375, 31.8434
25120, -0.0984375, 31.82372
25313, -0.04921875, 31.8151
25443, -0.04921875, 31.80533
25638, -0.04921875, 31.79549
25765, -0.04921875, 31.78564
25958, -0.04921875, 31.7758
26091, -0.0984375, 31.75437
26283, -0.0984375, 31.73461
26409, -0.1476563, 31.70325
26598, -0.196875, 31.66255
26731, -0.2460938, 31.6115
26921, -0.2953125, 31.55113
27047, -0.3445313, 31.4803
27178, -0.4429688, 31.38803
27374, -0.4921875, 31.28825
27505, -0.590625, 31.16651
27696, -0.7382813, 31.015
27820, -0.7875, 30.85538
28008, -0.8367188, 30.6867
28140, -0.9351563, 30.49607
28328, -1.033594, 30.28671
28455, -1.18125, 30.04479
28643, -1.328906, 29.77501
28765, -1.476563, 29.47382
28896, -0.4921875, 29.41047
29087, -0.7382813, 29.25803
29218, -0.8367188, 29.08687
29407, -1.082813, 28.8639
29535, -1.230469, 28.61196
29726, -1.033594, 28.40993
29859, -1.18125, 28.16871
30053, -1.427344, 27.87696
30178, -1.427344, 27.59111
30368, -1.673438, 27.25019
30502, -1.771875, 26.892
30698, -1.919531, 26.50433
30828, -1.96875, 26.10856
31019, -2.116406, 25.68149
31154, -2.313281, 25.21174
31341, -2.3625, 24.73769
31469, -2.3625, 24.2651
31663, -2.3625, 23.7926
31796, -2.067187, 23.38964
31991, -2.116406, 22.96555
32117, -2.264062, 22.50722
32309, -2.657813, 21.96559
32442, -2.805469, 21.39865
32640, -2.903906, 20.81525
32767, -2.411719, 20.35099
32964, -2.608594, 19.82519
33095, -2.559375, 19.31486
33291, -2.313281, 18.8583
33420, -1.96875, 18.47748
33611, -1.722656, 18.13962
33741, -2.116406, 17.70235
33935, -1.96875, 17.31169
34068, -2.460938, 16.8021
34264, -2.953125, 16.19879
34397, -3.248437, 15.53791
34591, -2.657813, 15.0206
34721, -2.657813, 14.48985
34916, -2.657813, 13.95832
35044, -2.854688, 13.38015
35241, -3.199219, 12.73162
35371, -3.051562, 12.12612
35567, -3.002344, 11.52705
35697, -2.657813, 11.00805
35883, -1.624219, 10.71037
36010, -1.919531, 10.31712
36198, -1.821094, 9.955045
36320, -2.214844, 9.497172
36506, -1.575, 9.198055
36631, -1.082813, 9.000953
36816, -1.476563, 8.696191
36937, -1.821094, 8.31803
37122, -2.313281, 7.842114
37244, -2.707031, 7.284747
37431, -2.510156, 6.787136
37558, -2.903906, 6.192027
37742, -3.051562, 5.577298
37864, -3.248437, 4.919704
38045, -3.248437, 4.269686
38172, -3.297656, 3.608311
38355, -3.789844, 2.83731
38476, -4.183594, 1.984521
38659, -3.396094, 1.325148
38780, -3.54375, 0.6118626
38964, -2.953125, 0.03635502
39085, -2.608594, -0.4709609
39269, -1.673438, -0.7808223
39393, -1.821094, -1.14917
39580, -2.214844, -1.602406
39697, -2.067187, -2.010589
39882, -1.821094, -2.368214
39998, -2.067187, -2.791155
40185, -2.559375, -3.316041
40306, -2.264062, -3.758206
40489, -2.510156, -4.266206
40611, -2.3625, -4.733349
40799, -2.264062, -5.183433
40919, -2.608594, -5.718444
41103, -3.100781, -6.351902
41222, -3.494531, -7.067279
41406, -3.248437, -7.711239
41524, -3.592969, -8.443043
41711, -3.199219, -9.073278
41833, -2.805469, -9.618754
42018, -2.608594, -10.1347
42140, -2.854688, -10.71468
42324, -2.903906, -11.29712
42452, -3.15, -11.93627
42643, -2.3625, -12.38934
42774, -2.3625, -12.86072
42964, -2.460938, -13.35535
43093, -2.707031, -13.90582
43219, -2.608594, -14.4244
43410, -2.313281, -14.87951
43535, -2.3625, -15.35342
43729, -1.722656, -15.68217
43859, -1.230469, -15.90965
43991, -1.525781, -16.22436
44179, -1.328906, -16.48553
44372, -1.673438, -16.82861
44494, -1.673438, -17.16381
44622, -1.525781, -17.46353
44809, -1.722656, -17.81286
44935, -1.378125, -18.07591
45064, -1.673438, -18.42065
45258, -1.476563, -18.71148
45388, -1.722656, -19.06467
45582, -1.870313, -19.44275
45708, -1.771875, -19.79369
45902, -2.017969, -20.20324
46029, -1.919531, -20.58385
46220, -1.624219, -20.90118
46353, -1.821094, -21.27201
46544, -1.821094, -21.63649
46676, -1.771875, -21.98912
46873, -2.017969, -22.39868
46999, -2.017969, -22.80262
47191, -1.821094, -23.16191
47322, -1.919531, -23.54905
47511, -1.771875, -23.89981
47640, -1.328906, -24.14909
47835, -1.476563, -24.44737
47968, -1.624219, -24.77762
48159, -1.722656, -25.12485
48290, -1.279687, -25.36488
48480, -1.328906, -25.63127
48613, -1.427344, -25.92026
48803, -0.8859375, -26.08391
48935, -0.9351563, -26.27193
49129, -1.033594, -26.48113
49262, -1.082813, -26.69958
49455, -1.132031, -26.92729
49586, -0.590625, -27.02615
49778, -0.6398437, -27.15458
49909, -0.6398437, -27.28258
50103, -0.6890625, -27.42161
50236, -0.6890625, -27.55949
50433, -0.6890625, -27.69731
50563, -0.6890625, -27.83512
50761, -0.4921875, -27.92875
50890, -0.1476563, -27.94543
51085, -0.0984375, -27.96341
51214, -0.0984375, -27.983
51405, -0.04921875, -27.99159
51535, -0.0, -27.98975
51729, 0.0984375, -27.96754
51855, 0.1476563, -27.93602
52044, 0.2460938, -27.88424
52176, 0.2953125, -27.82327
52372, 0.4429688, -27.73096
52498, 0.4921875, -27.63049
52686, 0.6398437, -27.49867
52814, 0.7382813, -27.34714
53005, 0.8859375, -27.16608
53136, 1.033594, -26.95387
53330, 1.18125, -26.71375
53456, 1.328906, -26.44218
53652, 1.525781, -26.13198
53849, 1.378125, -25.85976
53977, 1.279687, -25.60764
54103, 1.476563, -25.3052
54302, 1.525781, -24.99859
54435, 1.476563, -24.70494
54629, 1.722656, -24.35438
54762, 1.919531, -23.9631
54955, 1.821094, -23.60103
55085, 2.067187, -23.17879
55283, 1.96875, -22.78709
55411, 2.214844, -22.3352
55603, 1.821094, -21.98047
55734, 2.067187, -21.55866
55926, 2.067187, -21.14489
56060, 2.017969, -20.74301
56258, 2.3625, -20.26217
56393, 2.608594, -19.73138
56590, 2.460938, -19.24244
56722, 2.510156, -18.73884
56915, 2.460938, -18.24781
57044, 2.411719, -17.76732
57247, 2.214844, -17.32909
57385, 2.264062, -16.87484
57579, 2.75625, -16.31141
57711, 3.051562, -15.68977
57845, 2.805469, -15.13665
58042, 2.313281, -14.68637
58178, 2.165625, -14.25906
58366, 2.657813, -13.71524
58499, 2.510156, -13.21778
58690, 2.264062, -12.77131
58821, 2.116406, -12.3537
58950, 2.067187, -11.94239
59145, 2.116406, -11.51798
59277, 2.460938, -11.01342
59470, 2.116406, -10.59822
59596, 2.460938, -10.09356
59720, 2.165625, -9.670872
59911, 2.264062, -9.216002
60043, 2.608594, -8.681858
60231, 2.559375, -8.170734
60356, 2.657813, -7.635515
60549, 2.953125, -7.037398
60672, 3.051562, -6.422904
60859, 3.15, -5.790195
60984, 3.199219, -5.148353
61168, 2.116406, -4.753193
61288, 2.3625, -4.272826
61470, 2.903906, -3.677387
61589, 3.15, -3.036859
61773, 3.297656, -2.373023
61899, 3.642188, -1.63147
62082, 3.396094, -0.9581483
62198, 3.888281, -0.1610176
62317, 3.888281, 0.6178593
62501, 2.707031, 1.128548
62621, 2.953125, 1.726879
62808, 2.707031, 2.262319
62926, 2.165625, 2.673575
63109, 2.067187, 3.083524
63233, 1.624219, 3.391243
63353, 1.96875, 3.79739
63542, 2.214844, 4.247073
63666, 2.116406, 4.667004
63847, 2.460938, 5.168167
63970, 2.805469, 5.742857
64151, 2.657813, 6.271067
64275, 2.953125, 6.87268
64457, 3.002344, 7.474904
64578, 3.297656, 8.145993
64763, 3.297656, 8.805999
64886, 3.54375, 9.524174
65074, 3.642188, 10.25551
65201, 4.035937, 11.07756
65392, 2.707031, 11.58617
65516, 3.002344, 12.19578
65708, 2.559375, 12.69694
65834, 3.002344, 13.3133
66017, 1.771875, 13.63596
66148, 1.328906, 13.88398
66332, 1.18125, 14.11567
66453, 1.476563, 14.42216
66638, 1.575, 14.74018
66765, 1.870313, 15.12537
66956, 1.427344, 15.4002
67079, 1.96875, 15.81398
67262, 2.214844, 16.26422
67385, 2.510156, 16.77806
67575, 2.854688, 17.35818
67699, 3.199219, 18.01152
67886, 2.411719, 18.47422
68013, 2.608594, 19.00208
68203, 2.510156, 19.50187
68326, 2.707031, 20.05071
68519, 3.051562, 20.66985
68643, 3.100781, 21.2924
68831, 2.411719, 21.75717
68956, 1.96875, 22.13321
69150, 1.082813, 22.32725
69274, 1.328906, 22.601
69467, 0.8859375, 22.76743
69590, 1.132031, 23.00251
69778, 1.132031, 23.22927
69902, 1.18125, 23.46741
70098, 1.230469, 23.71478
70229, 1.033594, 23.91449
70422, 1.328906, 24.18731
70547, 1.427344, 24.4769
70736, 1.673438, 24.818
70864, 1.821094, 25.18802
71054, 1.673438, 25.5192
71183, 1.821094, 25.8886
71373, 1.821094, 26.25303
71498, 1.96875, 26.65235
71691, 1.821094, 27.01313
71816, 1.96875, 27.41223
71948, 1.96875, 27.80628
72142, 1.673438, 28.13371
72268, 1.821094, 28.50301
72463, 1.673438, 28.83426
72589, 1.771875, 29.1921
72786, 1.624219, 29.51348
72912, 1.525781, 29.81472
73106, 1.476563, 30.10866
73232, 1.575, 30.42726
73428, 1.624219, 30.75345
73559, 1.230469, 30.98555
73755, 0.5414063, 31.07639
73887, 0.6398437, 31.20689
74074, 0.6398437, 31.33496
74205, 0.590625, 31.45131
74394, 0.6890625, 31.59155
74521, 0.7382813, 31.74115
74720, 0.2953125, 31.78959
74846, -0.0, 31.77794
75036, -0.0, 31.77747
75164, 0.04921875, 31.78911
75355, 0.04921875, 31.79902
75485, 0.04921875, 31.80887
75680, 0.04921875, 31.81871
75807, 0.04921875, 31.82856
75998, 0.04921875, 31.8384
76124, -0.0, 31.83655
76312, -0.0, 31.83648
76442, -0.04921875, 31.82484
76631, -0.0984375, 31.80383
76760, -0.1476563, 31.77242
76949, -0.196875, 31.73173
77076, -0.2460938, 31.68061
77263, -0.3445313, 31.6091
77395, -0.39375, 31.52843
77589, -0.5414063, 31.41644
77714, -0.6398437, 31.28452
77908, -0.7382813, 31.13427
78038, -0.8367188, 30.96321
78226, -1.033594, 30.75134
78352, -1.132031, 30.52095
78540, -1.132031, 30.29439
78670, -0.984375, 30.10285
78860, -1.18125, 29.86182
78986, -1.328906, 29.59029
79175, -0.8367188, 29.43527
79301, -0.984375, 29.23365
79494, -0.7875, 29.08086
79619, -0.984375, 28.87686
79816, -1.230469, 28.62446
79947, -1.378125, 28.3432
80142, -1.476563, 28.04524
80274, -1.525781, 27.73816
80401, -1.722656, 27.38622
80592, -1.870313, 27.00815
80722, -2.017969, 26.59902
80913, -1.919531, 26.21736
81041, -2.067187, 25.79863
81232, -2.313281, 25.32957
81366, -2.460938, 24.83179
81559, -2.067187, 24.42788
81692, -1.96875, 24.03816
81888, -2.116406, 23.61141
82024, -2.3625, 23.13011
82223, -2.707031, 22.58009
82353, -2.707031, 22.03819
82543, -3.15, 21.39692
82675, -3.297656, 20.73147
82869, -2.903906, 20.16021
83000, -2.953125, 19.56836
83200, -2.3625, 19.11002
83331, -2.3625, 18.63833
83527, -2.3625, 18.16586
83662, -1.821094, 17.82045
83860, -1.821094, 17.45695
83992, -2.017969, 17.04637
84192, -2.510156, 16.53224
84328, -2.559375, 16.01797
84522, -2.854688, 15.43966
84653, -2.805469, 14.87991
84847, -2.903906, 14.29675
84981, -3.15, 13.65788
85172, -3.051562, 13.04969
85295, -3.199219, 12.40434
85483, -3.15, 11.77537
85608, -3.248437, 11.12207
85803, -1.821094, 10.79287
85932, -1.722656, 10.45397
86126, -1.722656, 10.10966
86255, -2.017969, 9.695299
86440, -1.771875, 9.346888
86570, -2.165625, 8.899836
86761, -1.328906, 8.654423
86888, -1.673438, 8.308172
87073, -2.214844, 7.850698
87200, -34578
98451, -1.279687, -25.60427
98581, -1.378125, -25.88359
98774, -0.8859375, -26.04867
98906, -0.9351563, -26.23678
99103, -1.033594, -26.44594
99233, -1.132031, -26.67606
99424, -1.18125, -26.91369
99552, -1.230469, -27.16166
99745, -0.6398437, -27.27494
99875, -0.6890625, -27.41369
100067, -0.6890625, -27.55154
100194, -0.6890625, -27.68935
100327, -0.7382813, -27.83875
100519, -0.590625, -27.95326
100651, -0.2953125, -28.00149
100841, -0.2953125, -28.06011
100966, -0.2953125, -28.11915
101159, -0.2460938, -28.16714
101287, -0.196875, -28.20462
101479, -0.1476563, -28.23285
101614, -0.0984375, -28.25074
101808, -0.04921875, -28.2593
101941, 0.04921875, -28.24586
102135, 0.1476563, -28.21375
102267, 0.196875, -28.17249
102461, 0.3445313, -28.09983
102591, 0.4429688, -28.00746
102788, 0.590625, -27.88558
102917, 0.6890625, -27.74399
103112, 0.8367188, -27.57286
103246, 0.984375, -27.37053
103439, 1.18125, -27.12917
103569, 1.279687, -26.8694
103758, 1.525781, -26.5578
103887, 1.673438, -26.21739
104080, 1.673438, -25.88248
104212, 1.821094, -25.51297
104403, 1.624219, -25.19287
104531, 1.525781, -24.89164
104720, 1.771875, -24.53117
104852, 1.821094, -24.16485
104982, 2.017969, -23.75405
105174, 2.116406, -23.32801
105302, 2.017969, -22.92785
105496, 2.067187, -22.51332
105625, 2.264062, -22.05326
105824, 1.96875, -21.66636
105958, 2.165625, -21.22673
106153, 2.116406, -20.80441
106289, 2.3625, -20.32342
106484, 2.559375, -19.80636
106616, 2.657813, -19.27096
106815, 2.510156, -18.77235
106952, 2.75625, -18.2128
107148, 2.460938, -17.72752
107280, 2.608594, -17.20092
107474, 2.411719, -16.72326
107608, 2.707031, -16.17179
107804, 2.559375, -15.66316
107936, 2.264062, -15.221
108131, 2.214844, -14.77966
108261, 2.559375, -14.2554
108458, 2.805469, -13.68782
108591, 2.707031, -13.14956
108786, 2.3625, -12.68567
108919, 2.313281, -12.22525
109113, 2.559375, -11.70737
109247, 2.214844, -11.2762
109437, 1.96875, -10.8891
109560, 2.313281, -10.4137
109757, 2.510156, -9.906343
109885, 2.3625, -9.438924
110008, 2.3625, -8.966733
110197, 2.657813, -8.427648
110325, 2.559375, -7.918929
110511, 2.608594, -7.396071
110637, 2.805469, -6.827561
110826, 2.854688, -6.255067
110948, 2.903906, -5.672297
111137, 2.510156, -5.180181
111257, 2.411719, -4.702265
111440, 2.953125, -4.097649
111562, 3.346875, -3.412268
111746, 3.199219, -2.775606
111872, 3.346875, -2.100869
112060, 3.839063, -1.320345
112251, 3.592969, -0.6074275
112375, 3.54375, 0.09909832
112496, 3.839063, 0.8781365
112677, 2.953125, 1.445792
112796, 3.051562, 2.058541
112982, 2.067187, 2.446572
113099, 1.821094, 2.799416
113279, 2.313281, 3.274684
113403, 2.264062, 3.726384
113585, 2.313281, 4.190282
113710, 2.214844, 4.629596
113896, 2.411719, 5.116865
114020, 2.805469, 5.693175
114206, 2.854688, 6.265996
114333, 3.199219, 6.918812
114518, 3.002344, 7.514738
114642, 3.346875, 8.196894
114829, 3.642188, 8.933469
114949, 3.740625, 9.685913
115136, 3.396094, 10.35643
115258, 2.854688, 10.90617
115445, 3.100781, 11.5318
115564, 3.051562, 12.14051
115750, 2.411719, 12.6063
115879, 2.116406, 13.01783
116061, 1.870313, 13.38493
116185, 1.476563, 13.6649
116377, 1.328906, 13.92638
116497, 1.525781, 14.2389
116686, 1.722656, 14.58873
116813, 1.427344, 14.86357
116940, 1.427344, 15.14841
117127, 1.919531, 15.54492
117255, 2.264062, 16.01114
117446, 2.657813, 16.55318
117573, 3.051562, 17.17859
117762, 3.199219, 17.82281
117887, 3.297656, 18.48631
118080, 2.903906, 19.0575
118205, 2.559375, 19.55585
118395, 2.854688, 20.13373
118525, 2.657813, 20.65861
118720, 2.903906, 21.24522
118846, 2.608594, 21.75634
119039, 1.870313, 22.11162
119165, 1.082813, 22.29767
119350, 1.378125, 22.57969
119482, 1.18125, 22.80922
119669, 1.476563, 23.11183
119793, 1.673438, 23.45442
119981, 0.6890625, 23.56756
120106, 0.8859375, 23.75072
120230, 1.033594, 23.96339
120417, 1.18125, 24.20365
120542, 1.279687, 24.46353
120730, 1.525781, 24.77516
120857, 1.673438, 25.1157
121044, 1.673438, 25.45063
121172, 1.821094, 25.82029
121361, 1.96875, 26.21803
121491, 1.919531, 26.60039
121684, 1.870313, 26.97317
121818, 2.017969, 27.38193
122010, 1.624219, 27.69713
122141, 1.771875, 28.05627
122331, 1.821094, 28.42192
122458, 1.919531, 28.80953
122649, 1.771875, 29.16032
122779, 1.870313, 29.53772
122972, 1.476563, 29.82337
123098, 1.427344, 30.10641
123293, 1.378125, 30.38074
123426, 0.984375, 30.56357
123617, 0.7875, 30.71556
123747, 0.5414063, 30.81454
123938, 0.6398437, 30.94461
124063, 0.6890625, 31.0844
124256, 0.7875, 31.24442
124388, 0.8367188, 31.41365
124584, 0.7382813, 31.55896
124714, 0.7875, 31.71811
124911, 0.4921875, 31.80944
125043, -0.04921875, 31.77985
125237, -0.04921875, 31.76923
125366, -0.0, 31.77098
125561, -0.0, 31.77105
125688, -0.04921875, 31.75939
125876, -0.04921875, 31.74947
126003, -0.04921875, 31.73962
126192, -0.04921875, 31.72978
126324, -0.0984375, 31.70833
126511, -0.1476563, 31.67746
126641, -0.1476563, 31.64785
126836, -0.2460938, 31.5962
126967, -0.2953125, 31.53524
127153, -0.3445313, 31.46498
127279, -0.39375, 31.38432
127471, -0.5414063, 31.27229
127602, -0.590625, 31.15216
127791, -0.7382813, 31.00069
127918, -0.8367188, 30.82945
128108, -0.8859375, 30.65086
128232, -0.984375, 30.4502
128419, -1.132031, 30.21985
128544, -1.230469, 29.96979
128738, -1.328906, 29.70143
128864, -0.4429688, 29.646
129055, -0.6398437, 29.51443
129188, -0.7875, 29.35145
129377, -0.9351563, 29.16047
129506, -0.8367188, 28.99649
129695, -1.082813, 28.77378
129823, -1.230469, 28.5219
130013, -1.476563, 28.22017
130144, -1.673438, 27.87803
130335, -1.673438, 27.54304
130468, -1.821094, 27.17353
130656, -1.870313, 26.79801
130787, -1.919531, 26.41223
130976, -2.116406, 25.98388
131108, -2.214844, 25.5371
131300, -2.3625, 25.06078
131430, -1.919531, 24.69271
131620, -2.165625, 24.254
131752, -2.3625, 23.77415
131949, -2.510156, 23.26822
132081, -2.657813, 22.73116
132270, -2.411719, 22.25484
132400, -2.657813, 21.71476
132592, -2.657813, 21.18286
132724, -2.608594, 20.66287
132921, -2.805469, 20.09704
133048, -3.15, 19.45399
133245, -2.559375, 18.95602
133376, -1.821094, 18.61936
133570, -1.525781, 18.32256
133701, -1.96875, 17.91335
133832, -1.771875, 17.56518
134024, -2.313281, 17.08916
134156, -2.707031, 16.53293
134352, -2.657813, 16.00199
134479, -2.903906, 15.4122
134674, -2.608594, 14.8974
134808, -2.854688, 14.31812
135000, -2.903906, 13.73578
135127, -3.002344, 13.13157
135321, -3.297656, 12.46458
135449, -3.248437, 11.81627
135643, -2.75625, 11.2772
135769, -1.673438, 10.98396
135963, -1.771875, 10.62878
136092, -2.165625, 10.18134
136280, -1.624219, 9.869796
136403, -1.624219, 9.54576
136594, -1.476563, 9.254172
136716, -1.230469, 9.017775
136900, -1.673438, 8.671951
137028, -2.067187, 8.243382
137212, -2.657813, 7.695724
137335, -2.559375, 7.186629
137519, -2.707031, 6.641511
137644, -3.051562, 6.01792
137835, -3.199219, 5.373835
137962, -3.494531, 4.663737
138146, -3.445313, 3.975493
138272, -3.54375, 3.263144
138455, -3.396094, 2.587642
138575, -3.789844, 1.814518
138696, -3.592969, 1.102675
138886, -3.396094, 0.4287002
139009, -3.297656, -0.2267849
139192, -2.953125, -0.8081717
139316, -2.460938, -1.281297
139505, -2.017969, -1.672814
139626, -1.771875, -2.016902
139813, -1.525781, -2.315361
139930, -1.870313, -2.702783
140056, -2.264062, -3.171203
140244, -1.919531, -3.546952
140369, -2.313281, -4.023927
140552, -2.657813, -4.565107
140672, -2.411719, -5.038503
140862, -2.460938, -5.531579
140982, -2.75625, -6.094333
141167, -3.248437, -6.757318
141291, -3.54375, -7.477969
141476, -3.248437, -8.120458
141602, -3.051562, -8.722994
141792, -2.559375, -9.222189
141913, -2.411719, -9.697974
142099, -2.657813, -10.23561
142226, -2.75625, -10.79087
142412, -2.953125, -11.38673
142536, -3.297656, -12.05963
142723, -2.657813, -12.57533
142849, -2.116406, -12.97762
143035, -2.313281, -13.44449
143161, -2.165625, -13.87235
143349, -2.608594, -14.40522
143476, -2.75625, -14.96255
143664, -2.313281, -15.41415
143795, -1.919531, -15.78315
143987, -1.476563, -16.06685
144116, -1.132031, -16.27991
144306, -1.476563, -16.58339
144433, -1.624219, -16.91414
144625, -1.821094, -17.28354
144749, -1.722656, -17.62468
144942, -2.067187, -18.04659
145070, -1.821094, -18.40232
145258, -1.575, -18.71066
145383, -1.771875, -19.07204
145574, -1.673438, -19.40454
145703, -1.673438, -19.7391
145894, -1.919531, -20.12918
146020, -1.870313, -20.50178
146216, -1.575, -20.80944
146349, -1.771875, -21.17039
146539, -1.821094, -21.53611
146670, -2.017969, -21.94687
146864, -1.870313, -22.31756
146992, -2.017969, -22.72642
147183, -2.067187, -23.14131
147317, -2.165625, -23.57798
147510, -1.919531, -23.95591
147644, -1.378125, -24.21213
147840, -1.279687, -24.46491
147972, -1.378125, -24.74387
148170, -1.279687, -24.99755
148301, -1.18125, -25.23013
148496, -1.328906, -25.49942
148630, -1.378125, -25.77698
148829, -1.082813, -25.98651
148956, -0.9351563, -26.16761
149088, -1.033594, -26.37751
149282, -1.082813, -26.59541
149415, -1.18125, -26.83523
149615, -0.984375, -27.02748
149747, -0.6398437, -27.14297
149939, -0.6890625, -27.28152
150073, -0.6890625, -27.41937
150264, -0.6890625, -27.55719
150392, -0.7382813, -27.70665
150588, -0.7382813, -27.85438
150718, -0.7382813, -28.00204
150845, -0.2953125, -28.04457
151040, -0.2460938, -28.09193
151172, -0.2460938, -28.14104
151366, -0.196875, -28.17919
151499, -0.1476563, -28.20691
151695, -0.04921875, -28.21427
151824, -0.0, -28.21233
152017, 0.04921875, -28.204831
163498, 2.313281, 3.89148
163624, 2.460938, 4.389459
163808, 2.510156, 4.893013
163932, 2.657813, 5.430262
164114, 2.460938, 5.917505
164241, 2.75625, 6.479326
164425, 3.051562, 7.097769
164550, 3.15, 7.731958
164736, 3.494531, 8.439918
164859, 3.789844, 9.209711
165045, 3.592969, 9.923691
165168, 3.248437, 10.55994
165358, 3.002344, 11.15366
165484, 3.15, 11.78873
165675, 3.346875, 12.46328
165799, 2.953125, 13.0393
165983, 1.722656, 13.35117
166112, 1.18125, 13.56592
166300, 1.525781, 13.87903
166425, 1.328906, 14.13794
166608, 1.575, 14.45913
166729, 1.18125, 14.68049
166917, 1.575, 15.00493
167044, 1.870313, 15.39041
167227, 2.411719, 15.88741
167348, 2.657813, 16.42941
167535, 2.657813, 16.9614
167662, 3.051562, 17.58622
167853, 3.248437, 18.24147
167975, 2.953125, 18.82107
168164, 3.002344, 19.42234
168293, 2.75625, 19.96458
168478, 2.854688, 20.53769
168670, 3.051562, 21.15304
168791, 3.396094, 21.84582
168920, 2.854688, 22.39764
169111, 1.082813, 22.56891
169240, 1.230469, 22.81774
169432, 1.575, 23.14151
169557, 1.821094, 23.51543
169749, 1.033594, 23.70275
169875, 0.590625, 23.80332
170067, 0.8859375, 23.98719
170197, 1.082813, 24.21133
170386, 1.18125, 24.45039
170508, 1.328906, 24.72198
170701, 1.230469, 24.96585
170833, 1.328906, 25.23502
171018, 1.575, 25.55654
171143, 1.722656, 25.90706
171338, 1.821094, 26.27394
171464, 1.821094, 26.63831
171657, 1.722656, 26.98039
171784, 1.870313, 27.35978
171982, 1.722656, 27.70093
172113, 1.722656, 28.04527
172306, 1.870313, 28.42302
172435, 1.96875, 28.82055
172633, 1.673438, 29.14818
172762, 1.821094, 29.51734
172954, 1.427344, 29.79311
173084, 1.427344, 30.07802
173278, 1.18125, 30.30816
173406, 0.984375, 30.49749
173596, 1.132031, 30.72732
173730, 1.18125, 30.9655
173921, 0.6398437, 31.07994
174051, 0.6890625, 31.21876
174244, 0.6890625, 31.35661
174375, 0.6890625, 31.49443
174566, 0.7382813, 31.64332
174689, 0.7875, 31.80276
174882, 0.7382813, 31.94926
175011, -0.04921875, 31.91081
175202, -0.04921875, 31.89982
175336, -0.0, 31.9015
175532, -0.0, 31.90157
175664, -0.0, 31.90157
175857, -0.0, 31.90157
175984, -0.04921875, 31.88989
176178, -0.04921875, 31.87997
176305, -0.04921875, 31.87013
176495, -0.0984375, 31.8492
176620, -0.1476563, 31.81775
176816, -0.196875, 31.7771
176944, -0.2953125, 31.71431
177135, -0.3445313, 31.64403
177268, -0.39375, 31.56344
177458, -0.5414063, 31.45135
177587, -0.590625, 31.33122
177776, -0.7382813, 31.17974
177907, -0.7875, 31.02025
178096, -0.9351563, 30.82939
178224, -0.984375, 30.63046
178419, -1.132031, 30.40034
178546, -1.279687, 30.13871
178739, -1.033594, 29.93789
178868, -1.132031, 29.70823
179063, -0.6890625, 29.58121
179194, -0.8367188, 29.40917
179390, -1.033594, 29.19746
179522, -0.8367188, 29.03687
179716, -1.082813, 28.81448
179841, -1.279687, 28.55079
180034, -1.525781, 28.23917
180169, -1.673438, 27.89896
180358, -1.624219, 27.57514
180486, -1.821094, 27.20369
180676, -1.96875, 26.80593
180810, -1.96875, 26.41196
181000, -2.214844, 25.96276
181131, -2.411719, 25.47298
181327, -2.264062, 25.02348
181459, -2.313281, 24.55926
181653, -2.264062, 24.1076
181782, -2.460938, 23.60829
181974, -2.510156, 23.10475
182108, -2.75625, 22.54474
182307, -2.460938, 22.05935
182439, -2.165625, 21.63724
182636, -2.559375, 21.11624
182765, -2.707031, 20.56886
182961, -2.559375, 20.06038
183092, -2.460938, 19.57193
183288, -2.313281, 19.11304
183416, -2.657813, 18.56911
183615, -2.559375, 18.05915
183747, -2.165625, 17.6401
183940, -2.017969, 17.24076
184071, -2.510156, 16.72139
184262, -2.3625, 16.25192
184390, -2.657813, 15.70967
184584, -2.953125, 15.11132
184710, -2.953125, 14.52023
184899, -2.559375, 14.01828
185027, -2.75625, 13.46037
185218, -3.199219, 12.80913
185348, -3.002344, 12.21514
185541, -2.903906, 11.63706
185672, -2.411719, 11.17259
185864, -1.673438, 10.85717
185995, -1.821094, 10.48877
186183, -2.067187, 10.06888
186306, -2.116406, 9.643312
186492, -1.821094, 9.286613
186622, -2.264062, 8.818179
186808, -1.427344, 8.553532
186930, -1.722656, 8.198835
187120, -2.264062, 7.731939
187245, -2.313281, 7.266589
187435, -2.510156, 6.759477
187555, -2.953125, 6.151227
187744, -2.854688, 5.582076
187868, -3.199219, 4.929383
188054, -3.396094, 4.244533
188181, -3.494531, 3.541677
188365, -3.888281, 2.7536
188492, -3.15, 2.150538
188676, -3.297656, 1.488277
188795, -3.642188, 0.7462072
188980, -3.297656, 0.09504146
189099, -2.657813, -0.4105934
189283, -2.067187, -0.8075718
189402, -1.821094, -1.161151
189588, -2.411719, -1.65836
189708, -2.707031, -2.212134
189827, -2.067187, -2.601147
190010, -1.821094, -2.957866
190134, -1.624219, -3.274797
190317, -2.116406, -3.710636
190439, -2.510156, -4.228585
190621, -1.870313, -4.586473
190740, -2.165625, -5.030131
190930, -2.75625, -5.596801
191050, -3.15, -6.243019
191233, -3.445313, -6.94049
191359, -3.691406, -7.688456
191547, -3.297656, -8.338284
191669, -3.248437, -8.985503
191860, -2.707031, -9.513205
191988, -2.657813, -10.04214
192174, -2.805469, -10.60691
192302, -2.953125, -11.20322
192493, -3.199219, -11.84945
192619, -3.494531, -12.55975
192810, -1.96875, -12.91562
192942, -2.313281, -13.3885
193130, -2.75625, -13.95141
193258, -2.608594, -14.46838
193450, -2.3625, -14.93454
193582, -2.264062, -15.38344
193774, -1.870313, -15.74755
193904, -1.279687, -15.98135
194093, -1.082813, -16.19202
194218, -1.328906, -16.46664
194412, -1.722656, -16.82131
194537, -2.067187, -17.24821
194725, -1.673438, -17.5734
194850, -1.919531, -17.96599
195040, -1.771875, -18.31699
195167, -1.378125, -18.57783
195359, -1.525781, -18.8861
195487, -1.673438, -19.2264
195681, -1.870313, -19.60556
195812, -1.821094, -19.9683
196007, -1.279687, -20.21084
196139, -1.476563, -20.51242
196335, -1.771875, -20.87428
196467, -1.96875, -21.27549
196660, -1.771875, -21.62526
196783, -1.821094, -21.99107
196974, -2.017969, -22.39968
197108, -2.116406, -22.82673
197233, -2.313281, -23.29702
197423, -2.313281, -23.75998
197557, -1.96875, -24.14161
197753, -1.328906, -24.39131
197879, -1.378125, -24.66782
198071, -1.427344, -24.95456
198202, -1.082813, -25.1588
198393, -1.279687, -25.41917
198524, -1.328906, -25.68698
198719, -1.18125, -25.91965
198847, -0.9351563, -26.09742
199042, -1.033594, -26.3062
199170, -1.082813, -26.52468
199361, -1.132031, -26.7524
199490, -1.230469, -27.00219
199616, -0.590625, -27.09683
199813, -0.6890625, -27.23614
199941, -0.6890625, -27.37404
200133, -0.6890625, -27.51185
200259, -0.6890625, -27.64967
200452, -0.6890625, -27.78748
200582, -0.6890625, -27.92529
200776, -0.39375, -27.99669
200906, -0.0984375, -28.00525
201100, -0.0984375, -28.0245
201228, -0.04921875, -28.03251
201420, -0.0, -28.03121
201546, 0.04921875, -28.01946
201742, 0.0984375, -27.9985
201869, 0.1476563, -27.96706
202064, 0.2460938, -27.91533
202190, 0.3445313, -27.8426
202387, 0.4429688, -27.75146
202515, 0.5414063, -27.63941
202710, 0.6890625, -27.49781
202837, 0.7875, -27.33644
203026, 0.9351563, -27.14551
203159, 1.033594, -26.93508
203349, 1.230469, -26.68389
203479, 1.328906, -26.41422
203674, 1.18125, -26.18145
203801, 1.328906, -25.91044
203993, 1.427344, -25.62229
204125, 1.525781, -25.31349
204321, 1.624219, -24.9861
204448, 1.525781, -24.68443
204642, 1.722656, -24.33517
204769, 1.919531, -23.94369
204961, 1.821094, -23.58164
205090, 1.821094, -23.21755
205285, 1.771875, -22.86439
205413, 1.919531, -22.47508
205611, 2.017969, -22.0689
205746, 2.067187, -21.6536
205941, 2.214844, -21.20692
206076, 1.96875, -20.82163
206269, 2.3625, -20.33972
206403, 2.608594, -19.8088
206535, 2.3625, -19.34457
206732, 2.165625, -18.9166
206866, 2.214844, -18.47218
207062, 2.411719, -17.98495
207193, 2.707031, -17.43272
207386, 2.411719, -16.95733
207521, 2.559375, -16.44071
207721, 2.75625, -15.88455
207856, 2.805469, -15.32146
208050, 2.707031, -14.78242
208181, 2.313281, -14.33407
208380, 2.559375, -13.81683
208510, 2.559375, -13.30464
208707, 2.411719, -12.82589
208839, 2.165625, -12.40176
208969, 2.067187, -11.99241
209161, 2.067187, -11.57913
209291, 2.3625, -11.09586
209482, 2.165625, -10.66723
209613, 2.559375, -10.14134
209799, 1.821094, -9.795582
209922, 2.165625, -9.350515
210114, 2.657813, -8.80617
210239, 2.903906, -8.215369
210425, 2.805469, -7.656413
210553, 3.051562, -7.037241
210742, 3.002344, -6.437668
210865, 3.346875, -5.755193
211050, 2.707031, -5.229826
211171, 2.017969, -4.853725
211354, 2.559375, -4.32882
211476, 2.953125, -3.722125
211664, 3.199219, -3.075349
211785, 3.445313, -2.376394
211974, 3.396094, -1.698029
212091, 3.740625, -0.9362814
212277, 3.691406, -0.1987101
212400, 4.035937, 0.6216894
212584, 3.248437, 1.251412
212708, 3.199219, 1.88821
212891, 2.608594, 2.394255
213013, 2.3625, 2.856327
213201, 2.510156, 3.361703
213321, 2.067187, 3.758172
213510, 2.116406, 4.182017
213630, 2.559375, 4.711373
213817, 1.722656, 5.035159
213937, 2.067187, 5.460674
214126, 2.510156, 5.974499
214250, 2.75625, 6.535709
214437, 2.854688, 7.109578
214559, 3.199219, 7.762961
214741, 3.54375, 8.481347
214864, 3.839063, 9.26093
215050, 3.396094, 9.929156
215171, 3.100781, 10.53728
215357, 2.953125, 11.12358
215483, 3.100781, 11.74895
215673, 3.002344, 12.34713
215796, 3.002344, 12.94746
215991, 1.722656, 13.26031
216114, 1.378125, 13.52085
216300, 1.476563, 13.81807
216427, 1.230469, 14.05509
216546, 1.525781, 14.37123
216736, 1.624219, 14.699
216864, 1.919531, 15.09402
217049, 1.771875, 15.44502
217177, 2.313281, 15.92739
217362, 2.510156, 16.43531
217485, 2.75625, 16.99639
217677, 2.903906, 17.58123
217803, 3.248437, 18.24412
217994, 2.805469, 18.79466
218116, 3.002344, 19.40211
218309, 2.75625, 19.94752
218431, 2.903906, 20.53362
218618, 2.953125, 21.12572
218745, 3.199219, 21.77476
218936, 2.313281, 22.21552
219063, 1.279687, 22.43158
219254, 1.3296
230686, -2.017969, 26.66491
230813, -1.771875, 26.31927
231001, -1.870313, 25.94305
231128, -2.017969, 25.53386
231319, -2.214844, 25.08572
231448, -2.067187, 24.67733
231640, -2.411719, 24.18657
231774, -2.510156, 23.68058
231971, -2.608594, 23.1563
232097, -2.75625, 22.59943
232285, -2.559375, 22.09237
232419, -2.75625, 21.53446
232616, -2.854688, 20.96086
232749, -2.608594, 20.44766
232948, -2.805469, 19.88212
233083, -1.919531, 19.52874
233272, -2.411719, 19.03513
233408, -2.067187, 18.63312
233608, -2.510156, 18.12087
233733, -1.771875, 17.79345
233931, -2.017969, 17.3849
234068, -2.3625, 16.90032
234260, -2.75625, 16.33875
234390, -2.854688, 15.76365
234581, -2.953125, 15.17038
234712, -2.903906, 14.59122
234902, -2.903906, 14.0105
235035, -3.051562, 13.39492
235229, -2.903906, 12.81757
235359, -3.051562, 12.20207
235548, -2.953125, 11.61372
235673, -2.559375, 11.1169
235865, -1.525781, 10.83819
235992, -1.771875, 10.47631
236187, -2.3625, 9.988966
236315, -1.919531, 9.620481
236501, -1.525781, 9.326164
236624, -0.984375, 9.150619
236811, -1.525781, 8.832448
236936, -1.919531, 8.432956
237124, -2.3625, 7.948581
237247, -2.559375, 7.428467
237436, -2.411719, 6.949556
237559, -2.559375, 6.432252
237751, -3.100781, 5.79841
237873, -3.445313, 5.095145
238057, -3.592969, 4.372117
238179, -3.248437, 3.735314
238368, -3.691406, 2.986253
238488, -3.691406, 2.247302
238674, -3.199219, 1.620053
238801, -3.54375, 0.8992816
238987, -3.346875, 0.2345123
239111, -3.592969, -0.4930604
239298, -1.96875, -0.8453084
239422, -1.870313, -1.213138
239605, -1.722656, -1.553565
239724, -2.116406, -1.992217
239906, -2.017969, -2.393864
240023, -1.919531, -2.773707
240207, -2.116406, -3.201948
240329, -2.214844, -3.649008
240517, -2.313281, -4.114328
240640, -2.3625, -4.588885
240822, -2.805469, -5.161664
240943, -3.051562, -5.782319
241128, -3.100781, -6.404169
241251, -3.494531, -7.118328
241439, -3.248437, -7.762355
241562, -3.592969, -8.493663
241755, -2.707031, -9.013422
241876, -2.75625, -9.56524
242061, -2.75625, -10.11651
242185, -3.051562, -10.7381
242376, -2.854688, -11.30454
242496, -2.707031, -11.83995
242687, -2.460938, -12.32568
242814, -2.264062, -12.77087
243008, -2.75625, -13.33407
243138, -3.100781, -13.9674
243330, -2.559375, -14.46626
243457, -2.854688, -15.0473
243647, -2.165625, -15.46342
243774, -1.722656, -15.79054
243973, -1.132031, -16.00193
244100, -1.033594, -16.20415
244293, -1.476563, -16.51036
244422, -1.722656, -16.86451
244613, -1.919531, -17.25372
244737, -1.673438, -17.57934
244932, -2.067187, -18.00208
245064, -2.313281, -18.47405
245261, -1.328906, -18.71607
245392, -1.525781, -19.02695
245583, -1.919531, -19.42093
245717, -2.165625, -19.86335
245906, -1.919531, -20.24141
246034, -1.870313, -20.61331
246223, -1.624219, -20.93185
246348, -1.771875, -21.2914
246543, -1.870313, -21.6681
246673, -1.673438, -21.99586
246798, -1.870313, -22.37696
246987, -1.96875, -22.77349
247120, -2.067187, -23.19056
247310, -2.214844, -23.6374
247437, -1.821094, -23.98726
247626, -1.771875, -24.3398
247758, -1.18125, -24.5547
247953, -1.18125, -24.79011
248087, -0.984375, -24.98
248281, -1.132031, -25.20979
248414, -1.230469, -25.45957
248608, -1.427344, -25.75005
248740, -1.525781, -26.05898
248934, -0.8859375, -26.2204
249067, -0.984375, -26.41988
249257, -1.082813, -26.63903
249388, -1.132031, -26.86734
249578, -1.082813, -27.08273
249708, -0.6398437, -27.19458
249899, -0.6890625, -27.33298
250029, -0.7382813, -27.48247