Run time, Error, Target angle
183, -14.81484, 23.02523
304, -14.27344, 20.17055
490, -12.45234, 17.72702
615, -11.27109, 15.52004
812, -6.546094, 14.32735
938, -4.282031, 13.56306
1129, -2.214844, 13.17545
1263, -1.082813, 13.00186
1451, 1.575, 13.38678
1584, 2.510156, 13.92593
1776, 4.282031, 14.82812
1906, 5.167969, 15.89621
2101, 6.103125, 17.14123
2232, 6.496875, 18.45628
2426, 6.742969, 19.81155
2556, 6.989062, 21.21867
2755, 6.103125, 22.41825
2888, 4.921875, 23.35923
3080, 4.035937, 24.14265
3204, 4.478907, 25.05379
3400, 3.396094, 25.7068
3598, 3.002344, 26.29675
3721, 2.559375, 26.79107
3846, 2.460938, 27.27851
4042, 1.673438, 27.5937
4171, 1.328906, 27.84578
4359, 0.590625, 27.9446
4490, -0.0984375, 27.89883
4685, -0.8367188, 27.71228
4879, -1.575, 27.37815
5003, -2.165625, 26.92167
5202, -3.100781, 26.27802
5327, -3.986719, 25.44621
5523, -5.266406, 24.35989
5658, -6.398438, 23.03934
5849, -7.973438, 21.40344
5982, -9.05625, 19.55116
6174, -8.71172, 17.81583
6299, -8.957813, 16.01557
6493, -8.121094, 14.41193
6620, -8.859375, 12.6141
6814, -9.696095, 10.65304
6940, -10.33594, 8.561042
7127, -9.00703, 6.792875
7320, -8.268749, 5.158909
7439, -9.302343, 3.259586
7573, -9.597656, 1.327386
7762, -9.302343, -0.5260618
7953, -9.302343, -2.386251
8078, -9.105469, -4.199924
8269, -8.71172, -5.932076
8390, -8.367188, -7.591634
8577, -8.121094, -9.208975
8706, -8.170313, -10.84445
8896, -7.235156, -12.26779
9028, -7.628906, -13.8063
9219, -6.3, -15.03374
9353, -6.595312, -16.36143
9542, -6.890625, -17.74741
9672, -7.235156, -19.20728
9804, -6.841406, -20.56213
9996, -6.053906, -21.75248
10194, -5.5125, -22.84118
10319, -5.463282, -23.93116
10449, -5.5125, -25.03529
10643, -3.986719, -25.79493
10770, -3.54375, -26.4849
10900, -2.953125, -27.0532
11099, -2.313281, -27.49914
11296, -1.476563, -27.77399
11427, -0.984375, -27.95185
11618, -0.2953125, -27.99283
11745, 0.5414063, -27.85272
11935, 1.525781, -27.52115
12132, 2.559375, -26.98304
12256, 3.297656, -26.29439
12383, 4.134375, -25.43456
12574, 5.266406, -24.35151
12770, 5.90625, -23.15341
12906, 6.890625, -21.74017
13098, 7.678125, -20.18345
13234, 7.875, -18.6005
13429, 8.760937, -16.82607
13568, 9.942188, -14.79624
13772, 10.13906, -12.76223
13970, 10.43438, -10.6679
14094, 10.38516, -8.592289
14226, 9.499218, -6.723951
14355, 9.991405, -4.709532
14544, 9.253124, -2.876997
14666, 9.597656, -0.9454107
14857, 9.892969, 1.041167
14986, 9.892969, 3.020218
15175, 8.908594, 4.776966
15300, 8.071875, 6.35838
15486, 7.432032, 7.82694
15613, 7.825781, 9.405632
15800, 7.432032, 10.88249
15928, 7.825781, 12.46167
16121, 6.989062, 13.83932
16250, 6.201563, 15.04972
16442, 8.219532, 16.74289
16568, 5.315625, 17.70055
16761, 7.628906, 19.27998
16887, 7.579687, 20.79727
17079, 6.250781, 22.01441
17204, 5.955469, 23.19233
17395, 3.888281, 23.91751
17515, 4.380468, 24.80944
17708, 3.888281, 25.57542
17834, 3.346875, 26.22405
17959, 3.15, 26.84541
18147, 2.116406, 27.24196
18268, 1.96875, 27.62834
18458, 1.525781, 27.92201
18586, 0.9351563, 28.08665
18774, -0.1476563, 28.02858
18901, -0.6890625, 27.86886
19089, -1.476563, 27.55257
19222, -1.919531, 27.15188
19413, -2.903906, 26.54556
19538, -3.642188, 25.78805
19728, -4.872656, 24.78111
19855, -5.955469, 23.5483
20043, -7.432032, 22.02252
20170, -8.416407, 20.30016
20359, -9.00703, 18.48226
20486, -8.957813, 16.69155
20678, -6.989062, 15.343
20809, -8.022655, 13.70385
21001, -8.859375, 11.90968
21125, -10.18828, 9.820322
21310, -8.71172, 8.113921
21435, -8.859375, 6.338645
21626, -8.465626, 4.655279
21746, -9.548437, 2.703558
21934, -9.84375, 0.7255664
22061, -9.892969, -1.255396
22246, -8.908594, -3.011705
22366, -8.760937, -4.756599
22555, -7.875, -6.308814
22683, -8.022655, -7.917442
22871, -8.170313, -9.555438
22998, -8.465626, -11.25982
23184, -7.235156, -12.67559
23313, -7.628906, -14.21384
23506, -5.955469, -15.36359
23634, -8.317968, -17.11164
23827, -6.595312, -18.39119
23958, -6.792188, -19.75445
24150, -5.758594, -20.88064
24276, -6.152344, -22.12429
24474, -5.561719, -23.22274
24596, -5.561719, -24.33423
24722, -4.774219, -25.25985
24917, -3.839063, -26.00347
25043, -3.396094, -26.66472
25233, -2.805469, -27.2101
25357, -2.510156, -27.70008
25546, -1.427344, -27.95757
25678, -1.033594, -28.14864
25864, -0.2460938, -28.1768
25992, 0.196875, -28.11991
26182, 1.082813, -27.88038
26316, 1.722656, -27.51185
26505, 3.002344, -26.8781
26640, 3.740625, -26.1021
26763, 4.725, -25.11782
26955, 5.807813, -23.92776
27082, 6.447657, -22.61285
27278, 7.0875, -21.17859
27413, 7.530469, -19.65619
27608, 8.367188, -17.96139
27736, 9.450001, -16.03062
27931, 9.794531, -14.06157
28063, 10.18828, -12.00938
28253, 10.13906, -9.982224
28384, 9.892969, -8.012524
28578, 9.203907, -6.189239
28699, 10.38516, -4.067487
28885, 8.957813, -2.310705
29011, 9.548437, -0.3810388
29200, 9.84375, 1.596015
29325, 9.84375, 3.565266
29514, 7.875, 5.09056
29637, 8.121094, 6.721203
29829, 7.530469, 8.212784
29956, 7.973438, 9.822912
30146, 7.776563, 11.37385
30341, 7.185938, 12.79639
30469, 7.185938, 14.23271
30590, 9.597656, 16.24498
30778, 7.48125, 17.69099
30908, 7.776563, 19.25411
31104, 6.742969, 20.57767
31232, 6.69375, 21.91312
31422, 5.315625, 22.94148
31554, 4.429688, 23.79355
31745, 4.134375, 24.61165
31870, 4.134375, 25.438
32063, 3.445313, 26.1099
32193, 3.199219, 26.73983
32385, 2.116406, 27.13551
32509, 2.116406, 27.55712
32703, 1.673438, 27.88078
32827, 1.132031, 28.086
33019, 0.04921875, 28.06807
33143, -0.4429688, 27.95915
33335, -1.18125, 27.70363
33465, -1.722656, 27.33836
33654, -2.559375, 26.80441
33779, -3.248437, 26.12728
33976, -4.577344, 25.17833
34100, -5.5125, 24.03837
34290, -6.989062, 22.60196
34416, -8.071875, 20.94455
34604, -8.957813, 19.12876
34736, -8.564062, 17.42873
34931, -8.613281, 15.70536
35056, -8.170313, 14.08792
35245, -9.05625, 12.25473
35373, -9.84375, 10.25596
35562, -9.646875, 8.330389
35690, -9.302343, 6.482813
35880, -8.219532, 4.866775
36003, -9.253124, 2.97838
36189, -9.105469, 1.159543
36315, -9.745312, -0.8132673
36499, -9.105469, -2.61868
36622, -9.00703, -4.415374
36807, -7.678125, -5.916549
36929, -8.317968, -7.60265
37055, -8.170313, -9.232538
37245, -7.235156, -10.65578
37373, -7.48125, -12.15975
37563, -7.038281, -13.55658
37688, -6.939844, -14.9402
37874, -7.825781, -16.52801
37999, -8.071875, -18.15308
38191, -6.742969, -19.46887
38320, -5.955469, -20.62953
38512, -6.103125, -21.85265
38635, -6.201563, -23.09684
38826, -5.167969, -24.10448
38950, -4.774219, -25.04296
39148, -3.691406, -25.75433
39277, -3.54375, -26.45612
39473, -2.805469, -26.99875
39599, -2.559375, -27.50035
39787, -1.624219, -27.80091
39912, -1.279687, -28.04255
40102, -0.2460938, -28.06495
40228, 0.196875, -28.00745
40413, 1.082813, -27.76718
40537, 1.722656, -27.39717
40727, 2.75625, -26.81879
40858, 3.396094, -26.11481
41051, 4.774219, -25.1247
41182, 5.217188, -24.06343
41371, 6.152344, -22.80851
41497, 7.136719, -21.34297
41690, 7.382813, -19.85873
41819, 8.121094, -18.20731
41950, 8.71172, -16.44199
42148, 9.00703, -14.63253
42279, 9.991405, -12.59862
42468, 9.991405, -10.5989
42590, 9.548437, -8.706034
42785, 8.908594, -6.940819
42917, 9.597656, -4.997777
43106, 9.351563, -3.132762
43234, 9.302343, -1.274413
43421, 9.892969, 0.7192415
43545, 9.892969, 2.698744
43734, 8.121094, 4.277789
43860, 8.071875, 5.887643
43984, 7.875, 7.45491
44174, 7.628906, 8.974165
44297, 7.825781, 10.54639
44489, 7.0875, 11.94571
44611, 7.530469, 13.46785
44803, 6.3, 14.69788
44927, 9.105469, 16.62346
45120, 7.727344, 18.13863
45246, 7.825781, 19.70565
45443, 6.496875, 20.97252
45572, 6.496875, 22.27
45766, 5.266406, 23.29274
45893, 4.282031, 24.11116
46089, 3.592969, 24.81138
46219, 3.494531, 25.50566
46411, 3.297656, 26.16008
46542, 3.248437, 26.80769
46728, 2.067187, 27.19059
46852, 1.919531, 27.56712
47043, 1.378125, 27.82884
47169, 0.8859375, 27.98684
47361, 0.0984375, 27.98596
47481, -0.4921875, 27.86336
47674, -1.18125, 27.60892
47803, -1.624219, 27.26697
47993, -2.608594, 26.71957
48118, -3.396094, 26.0092
48307, -4.626562, 25.05155
48437, -5.660156, 23.87991
48628, -7.185938, 22.40279
48752, -8.416407, 20.67085
48942, -9.253124, 18.79713
49075, -9.646875, 16.85238
49263, -7.382813, 15.43267
49391, -8.317968, 13.73778
49580, -9.450001, 11.81793
49704, -10.13906, 9.761997
49888, -8.957813, 8.000037
50018, -9.05625, 6.186927
50208, -8.219532, 4.56408
50334, -9.302343, 2.664446
50519, -10.04062, 0.6355751
50646, -10.18828, -1.408775
50834, -8.317968, -3.024919
50958, -8.170313, -4.650525
51143, -8.121094, -6.27312
51267, -8.514843, -7.99091
51454, -8.022655, -9.583485
51580, -7.678125, -11.10544
51773, -7.776563, -12.66266
51900, -7.678125, -14.19475
52089, -6.69375, -15.50849
52210, -8.367188, -17.24527
52405, -6.644531, -18.53403
52531, -6.989062, -19.94231
52724, -5.660156, -21.04185
52848, -6.103125, -22.27731
53039, -5.610937, -23.38766
53166, -5.5125, -24.48581
53359, -4.528125, -25.36677
53491, -4.085156, -26.16658
53682, -3.051562, -26.75036
53808, -2.657813, -27.26565
54004, -1.722656, -27.58662
54132, -1.427344, -27.85976
54324, -0.8859375, -28.02299
54455, -0.2460938, -28.04821
54651, 0.5414063, -27.91969
54778, 1.230469, -27.64707
54974, 2.214844, -27.17893
55100, 3.100781, -26.52421
55290, 4.183594, -25.65861
55418, 5.11875, -24.59904
55609, 6.447657, -23.2745
55742, 6.792188, -21.90197
55935, 7.432032, -20.39908
56072, 8.071875, -18.76173
56267, 8.6625, -17.01378
56403, 9.548437, -15.07247
56601, 10.2375, -13.00693
56738, 10.13906, -10.98151
56927, 10.04062, -8.97598
57052, 10.33594, -6.897759
57239, 9.696095, -4.974419
57363, 10.08984, -2.942488
57554, 9.253124, -1.112332
57676, 9.892969, 0.889626
57862, 9.105469, 2.691378
57989, 8.859375, 4.452918
58174, 7.432032, 5.902105
58301, 7.825781, 7.479747
58489, 7.48125, 8.967713
58614, 7.973438, 10.58041
58805, 7.432032, 12.054
58932, 7.678125, 13.59799
59126, 5.709375, 14.69145
59250, 8.514843, 16.4978
59437, 7.628906, 18.00508
59564, 7.924219, 19.59985
59754, 6.250781, 20.80813
59882, 6.496875, 22.11406
60078, 5.610937, 23.21479
60210, 4.528125, 24.08022
60402, 3.789844, 24.81813
60525, 3.54375, 25.51626
60714, 3.297656, 26.16912
60838, 3.248437, 26.81654
60967, 2.313281, 27.24517
61153, 1.722656, 27.57308
61274, 1.476563, 27.85783
61464, 0.7382813, 27.98631
61588, 0.04921875, 27.9691
61715, -0.4429688, 27.86067
61903, -1.230469, 27.59368
62033, -1.771875, 27.21832
62220, -2.559375, 26.6855
62352, -3.15, 26.03305
62546, -4.478907, 25.10349
62673, -5.660156, 23.9257
62869, -7.136719, 22.46056
62997, -7.973438, 20.83264
63188, -8.268749, 19.17019
63315, -8.268749, 17.51592
63512, -8.613281, 15.78488
63636, -8.465626, 14.09684
63827, -9.00703, 12.28203
63954, -9.84375, 10.28126
64139, -9.597656, 8.366755
64267, -9.351563, 6.505788
64451, -8.219532, 4.891755
64578, -9.154688, 3.027687
64763, -9.646875, 1.084265
64885, -10.38516, -1.022032
65010, -9.892969, -2.983868
65199, -7.432032, -4.407123
65319, -7.825781, -5.983738
65507, -7.776563, -7.53826
65630, -8.219532, -9.199031
65822, -7.579687, -10.69956
65949, -7.530469, -12.20292
66137, -6.939844, -13.57571
66266, -6.841406, -14.93955
66450, -7.924219, -16.55241
66579, -6.053906, -17.69605
66769, -6.546094, -19.015
66893, -6.595312, -20.33652
67084, -6.103125, -21.54493
67211, -5.807813, -22.69475
67399, -5.463282, -23.77814
67529, -5.561719, -24.89351
67653, -4.282031, -25.70198
67844, -3.248437, -26.32363
67977, -3.002344, -26.91386
68174, -2.608594, -27.42558
68298, -2.214844, -27.85302
68487, -2.067187, -28.26206
68619, -1.919531, -28.64045
68808, -1.525781, -28.93543
68941, -1.378125, -29.20521
69128, -0.7382813, -29.33621
69254, -0.7382813, -29.48288
69443, -0.6890625, -29.6194
69568, -0.590625, -29.73378
69763, -0.590625, -29.85176
69888, -0.590625, -29.96987
70082, -0.590625, -30.088
70206, -0.590625, -30.20612
70393, 0.2460938, -30.13544
70519, 0.2460938, -30.08495
70649, 0.2460938, -30.03566
70838, 0.196875, -29.99753
70968, 0.196875, -29.95823
71154, 0.196875, -29.91886
71283, 0.196875, -29.87948
71477, 0.196875, -29.84011