Run time, Error, Target angle
122, -14.56875, 23.91476
247, -13.58438, 21.19789
440, -10.68047, 19.13405
567, -8.367188, 17.55124
759, -0.39375, 17.67447
888, 2.067187, 18.19023
1076, 4.725, 19.20684
1206, 5.807813, 20.41209
1336, 6.349218, 21.70392
1462, 6.546094, 23.02185
1656, 5.217188, 24.0329
1781, 4.380468, 24.87559
1973, 3.839063, 25.62853
2098, 3.396094, 26.2902
2289, 2.165625, 26.69154
2417, 0.8859375, 26.82016
2605, -0.590625, 26.66239
2728, -1.870313, 26.23706
2916, -4.380468, 25.2945
3049, -6.250781, 23.97474
3241, -9.745312, 21.93507
3369, -11.025, 19.67809
3555, -12.50156, 17.13758
3680, -12.89531, 14.5413
3867, -12.99375, 11.93931
3986, -13.78125, 9.151842
4171, -13.92891, 6.360974
4292, -13.78125, 3.610177
4476, -14.22422, 0.7540214
4598, -15.06094, -2.2908
4784, -13.63359, -4.981879
4904, -13.23984, -7.612381
5085, -11.96016, -9.969631
5208, -11.91094, -12.34786
5394, -10.2375, -14.35183
5516, -9.991405, -16.33807
5708, -7.579687, -17.79322
5838, -9.302343, -19.71262
6030, -6.595312, -20.96634
6160, -5.709375, -22.07233
6351, -3.100781, -22.62516
6476, -1.771875, -22.92593
6661, 1.378125, -22.56647
6796, 2.805469, -21.95079
6994, 5.709375, -20.73596
7124, 8.514843, -18.9271
7317, 10.72969, -16.72186
7443, 12.00937, -14.26908
7634, 12.79688, -11.68777
7756, 13.73203, -8.904324
7944, 13.3875, -6.23411
8065, 14.37188, -3.322018
8251, 13.97812, -0.5349958
8371, 15.35625, 2.58999
10609, 10.68047, 4.726084
10731, 9.450001, 6.616084
10917, 6.792188, 7.906006
11042, 5.167969, 8.873925
11227, 1.673438, 9.115353
11350, -0.8859375, 8.835564
11538, -5.217188, 7.676857
11668, -7.48125, 6.091901
11857, -10.82813, 3.837728
12052, -12.30469, 1.336942
12176, -13.43672, -1.395358
12300, -13.78125, -4.167374
12485, -11.56641, -6.423617
12675, -11.71406, -8.767874
12865, -11.22187, -10.99988
12990, -11.32031, -13.2669
13183, -10.33594, -15.30983
13376, -8.760937, -17.02207
13503, -7.530469, -18.47987
13700, -7.924219, -20.07244
13828, -6.546094, -21.33106
14026, -3.9375, -22.05296
14152, -2.214844, -22.42823
14358, 0.984375, -22.15408
14485, 2.75625, -21.53263
14683, 5.90625, -20.27219
14811, 8.071875, -18.57415
15013, 10.72969, -16.36143
15145, 11.96016, -13.92198
15276, 12.89531, -11.30656
15464, 12.99375, -8.703819
15658, 13.28906, -6.038538
15851, 14.47031, -3.114641
18617, 13.33828, -0.4469843
18808, 10.18828, 1.590672
18939, 9.00703, 3.347988
19127, 0.0984375, 3.145382
19261, -2.3625, 2.573039
19451, -6.496875, 1.165225
19580, -9.05625, -0.7464962
19706, -10.92656, -3.007026
19897, -10.33594, -5.062136
20080, -10.38516, -7.13994
20206, -11.17266, -9.403693
20397, -9.991405, -11.37346
20528, -10.48359, -13.48614
20717, -9.154688, -15.28398
20851, -9.400782, -17.171
21049, -6.496875, -18.40014
21181, -9.154688, -20.32204
21379, -6.939844, -21.65975
21575, -4.872656, -22.58165
21711, -3.691406, -23.27537
21905, -0.590625, -23.31574
22037, 0.984375, -23.05774
22165, 2.805469, -22.42712
22363, 5.660156, -21.22275
22561, 9.203907, -19.29314
22695, 11.32031, -16.94956
22892, 12.25547, -14.47256
23021, 13.58438, -11.7053
23150, 13.87969, -8.915651
23339, 13.58438, -6.205684
23464, 14.51953, -3.267283
23654, 14.61797, -0.3397968
23779, 15.45469, 2.782839
26013, 11.61563, 5.105964
26133, 10.48359, 7.202682
26319, 6.644531, 8.43313
26446, 5.217188, 9.417443
26635, 1.132031, 9.53829
26756, -1.624219, 9.100066
26945, -5.463282, 7.90537
27067, -8.268749, 6.136549
27257, -11.025, 3.857306
27381, -11.76328, 1.472198
27567, -13.09219, -1.181646
27689, -14.32266, -4.09607
27874, -12.30469, -6.506775
27995, -12.45234, -8.999868
28183, -10.68047, -11.09086
28307, -11.07422, -13.3179
28496, -9.794531, -15.24481
28625, -9.499218, -17.13202
28817, -6.595312, -18.37796
28942, -9.05625, -20.27738
29133, -6.3, -21.47197
29258, -5.167969, -22.45908
29452, -2.510156, -22.89348
29577, -0.7875, -22.98215
29767, 1.476563, -22.62658
29894, 3.100781, -21.9427
30091, 6.349218, -20.59113
30222, 8.564062, -18.79394
30413, 10.97578, -16.5348
30543, 12.15703, -14.05689
30733, 13.33828, -11.35753
30855, 13.87969, -8.558997
31047, 13.87969, -5.782156
31169, 14.47031, -2.865488
31354, 13.87969, -0.1039972
31472, 15.20859, 2.989561
33668, 12.10781, 5.411123
33797, 10.92656, 7.596436
33986, 6.595312, 8.805545
34108, 5.217188, 9.789227
34290, 0.984375, 9.872781
34416, -1.476563, 9.478882
34606, -5.709375, 8.225569
34732, -8.317968, 6.457989
34918, -10.82813, 4.223742
35043, -11.8125, 1.820117
35227, -12.89531, -0.7890117
35350, -13.78125, -3.580644
35536, -11.41875, -5.804943
35659, -11.91094, -8.202427
35841, -11.12344, -10.40713
35968, -11.17266, -12.64231
36153, -10.33594, -14.68796
36276, -9.646875, -16.58972
36471, -6.644531, -17.84357
36597, -9.302343, -19.7995
36791, -7.038281, -21.15512
36917, -7.038281, -22.55967
37043, -6.496875, -23.83865
37236, -4.971094, -24.79429
37362, -4.33125, -25.63417
37561, -3.445313, -26.30092
37687, -2.903906, -26.86001
37879, -2.264062, -27.29604
38010, -2.264062, -27.74788
38198, -2.116406, -28.16738
38397, -2.067187, -28.57948
38523, -1.722656, -28.91116