Run time, Error, Target angle
122, -15.06094, 21.53456
255, -14.71641, 3.874876
387, -6.69375, -3.871015
508, 11.12344, 10.18561
744, 8.416407, 20.25306
868, 8.957813, 31.02101
998, 1.427344, 32.46196
1136, -6.989062, 23.76986
1268, -6.3, 16.21712
1393, 0.2460938, 16.7572
1518, 5.266406, 23.28187
1649, 5.660156, 30.09997
1771, 1.525781, 31.77342
1895, -2.116406, 29.08623
2026, -2.608594, 25.92976
2161, -1.476563, 24.19603
2292, 1.575, 26.19801
2417, 3.051562, 29.92212
2547, 2.608594, 33.04005
2672, 0.3445313, 33.36696
2796, -2.903906, 29.75397
2928, -2.953125, 26.20116
3053, -0.7382813, 25.39797
3181, 1.673438, 27.50033
3308, 2.264062, 30.24444
3436, 1.328906, 31.80633
3565, -1.476563, 29.93013
3695, -3.346875, 25.84008
3827, -3.346875, 21.81963
3959, 0.2460938, 22.24306
4085, 2.214844, 24.98197
4217, 1.476563, 26.73208
4352, -0.590625, 25.94982
4479, -2.805469, 22.49686
4609, -3.642188, 18.09093
4739, -2.75625, 14.81372
4862, 1.230469, 16.44317
4990, 1.673438, 18.47654
5118, 0.0984375, 18.53822
5250, -2.510156, 15.43031
5382, -3.986719, 10.58764
5506, -3.54375, 6.348388
5632, -0.2460938, 6.176948
5760, 2.460938, 9.237669
5882, 1.082813, 10.49096
6009, -1.870313, 8.135288
6135, -3.494531, 3.874109
6259, -4.921875, -2.09031
6375, -1.132031, -3.299613
6496, 2.313281, -0.3797741
6611, 1.427344, 1.306541
6732, -1.082813, -0.09179378
6853, -4.183594, -5.238438
6975, -5.217188, -11.5462
7094, -0.3445313, -11.76919
7218, 2.510156, -8.636442
7340, 1.328906, -7.079529
7463, -2.313281, -9.99575
7586, -3.691406, -14.48753
7711, -4.577344, -20.0171
7837, -0.2953125, -20.21383
7969, 3.199219, -16.24
8095, 2.264062, -13.54982
8218, -1.673438, -15.70875
8339, -4.774219, -21.56735
8463, -4.823438, -27.36522
8592, -0.1476563, -27.37228
8719, 3.051562, -23.58184
8847, 2.411719, -20.70378
8974, -0.8859375, -21.89188
9109, -3.15, -25.75683
9234, -3.592969, -30.08998
9360, -0.8367188, -30.99168
9489, 2.116406, -28.3374
9614, 1.870313, -26.0954
9744, 1.328906, -24.52047
9870, -1.328906, -26.21554
10003, -1.96875, -28.6064
10130, -1.870313, -30.8488
10257, 0.6890625, -29.92699
10381, 2.510156, -26.83892
10507, 2.75625, -23.51793
10633, 0.04921875, -23.55911
10760, -1.328906, -25.21076
10888, -0.8859375, -26.26093
11016, -0.3445313, -26.65355
11147, 0.8367188, -25.60579
11276, 1.821094, -23.382
11405, 2.559375, -20.28156
11541, 1.870313, -18.05935
11675, 1.082813, -16.78895
11802, 0.7875, -15.8566
11932, 0.9351563, -14.72976
12060, 1.525781, -12.87699
12188, 1.870313, -10.61866
12310, 0.984375, -9.470903
12434, 0.04921875, -9.448735
12558, 0.3445313, -9.026264
12685, 1.821094, -6.785302
12804, 3.199219, -2.888476
12922, 2.313281, -0.1438096
13046, 0.2460938, 0.07128957
13164, 0.1476563, 0.2395018
13285, 1.624219, 2.245703
13406, 2.805469, 5.661212
13530, 1.279687, 7.141975
13651, -0.2460938, 6.784119
13773, 0.2953125, 7.155495
13894, 1.722656, 9.279073
14021, 3.100781, 13.05439
14147, 2.854688, 16.47411
14278, -0.4921875, 15.76095
14407, -2.411719, 12.79025
14532, -1.230469, 11.35353
14661, 2.313281, 14.26212
14786, 4.33125, 19.5422
14913, 3.839063, 24.13551
15045, 0.8367188, 25.03231
15177, -4.380468, 19.58188
15311, -3.642188, 15.22629
15447, 0.8859375, 16.44862
15575, 5.807813, 23.60693
15704, 5.758594, 30.52643
15839, -1.919531, 27.95496
15968, -3.15, 24.11446
16095, -2.116406, 21.6095
16227, 1.771875, 23.87663
16355, 4.134375, 28.93372
16482, 4.035937, 33.77883
16618, -0.9351563, 32.4841
16754, -3.691406, 27.94766
16881, -3.54375, 23.69435
17011, 1.821094, 26.07692
17141, 4.282031, 31.31592
17265, 3.592969, 35.60774
17393, -2.017969, 32.97713
17520, -5.758594, 25.91591
17653, -4.971094, 19.97029
17782, 2.116406, 22.76613
17909, 3.199219, 26.66041
18039, 3.051562, 30.32012
18166, 0.6398437, 30.99911
18291, -3.051562, 27.1931
18422, -3.691406, 22.73191
18557, -2.460938, 19.82007
18691, -0.3445313, 19.48349
18821, 0.4921875, 20.10887
18947, 0.4429688, 20.64067
19077, -0.5414063, 19.95557
19204, -1.575, 18.02549
19333, -2.657813, 14.79394
19462, -1.525781, 13.00188
19589, -1.18125, 11.59944
19713, -2.264062, 8.842444
19837, -1.132031, 7.52479
19966, 1.525781, 9.454408
20094, 0.7382813, 10.31699
20217, -0.7875, 9.312766
20343, -2.460938, 6.293165
20469, -3.9375, 1.509972
20592, -3.248437, -2.365028
20712, -2.017969, -4.737071
20834, 1.525781, -2.767823
20953, 2.657813, 0.4748042
21072, 0.6890625, 1.227481
21195, -4.035937, -3.800554
21314, -5.463282, -10.42377
21438, -2.805469, -13.69368
21558, 1.033594, -12.29611
21680, 2.264062, -9.521826
21805, 0.8367188, -8.568004
21930, -3.592969, -13.04789
22054, -4.823438, -18.89279
22172, -2.165625, -21.38962
22299, 1.870313, -18.98971
22430, 2.510156, -15.94582
22559, 0.1476563, -15.85366
22691, -2.707031, -19.20969
22823, -3.740625, -23.74148
22955, -2.707031, -26.95568
23088, 0.0984375, -26.73611
23214, 1.132031, -25.33307
23343, 0.5414063, -24.70235
23475, -0.0, -24.72292
23601, -0.6890625, -25.57653
23727, -1.18125, -27.01399
23855, -1.378125, -28.67622
23980, -1.328906, -30.26957
24110, -0.1476563, -30.40355
24240, 0.984375, -29.1791
24373, 1.033594, -27.93463
24501, 1.132031, -26.5723
24630, 1.082813, -25.2745
24758, -0.6890625, -26.16615
24883, -0.39375, -26.63137
25015, -0.0, -26.61689
25144, 0.4921875, -26.00759
25272, 1.082813, -24.6854
25405, 1.673438, -22.65487
25532, 1.722656, -20.58454
25659, 1.230469, -19.12603
25790, 0.0984375, -19.04937
25915, 0.39375, -18.56825
26045, 1.328906, -16.93892
26177, 2.3625, -14.0653
26303, 1.575, -12.2024
26428, 0.8367188, -11.22772
26554, -0.0984375, -11.38278
26674, 0.3445313, -10.95432
26795, 1.476563, -9.137977
26915, 2.75625, -5.777291
27035, 2.460938, -2.832334
27158, 0.5414063, -2.256999
27277, 0.4429688, -1.733973
27395, 1.624219, 0.2610755
27519, 2.3625, 3.127058
27639, 2.411719, 6.024971
27759, -0.590625, 5.20005
27880, -1.279687, 3.630275
28000, 0.196875, 3.921668
28119, 1.96875, 6.357407
28239, 3.642188, 10.79798
28361, 3.789844, 15.35591
28489, 2.017969, 17.71337
28618, -2.805469, 14.16699
28739, -2.214844, 11.52099
28864, 0.39375, 12.09229
28993, 3.396094, 16.28295
29118, 4.725, 22.00983
29245, 1.919531, 24.21342
29377, -1.378125, 22.4353
29508, -3.199219, 18.52359
29634, -2.165625, 15.9591
29759, 4.035937, 21.03749
29889, 5.414063, 27.59743
30019, 2.313281, 30.26462
30152, -3.445313, 25.91834
30280, -2.264062, 23.2325
30411, 0.196875, 23.55908
30538, 2.264062, 26.35726
30662, 2.657813, 29.56646
30787, 1.624219, 31.47756
30910, 0.04921875, 31.47465
31040, -1.328906, 29.82644
31163, -1.18125, 28.41133
31285, -0.8859375, 27.35971
31410, -0.590625, 26.66275
31534, 0.7875, 27.66109
31656, 1.328906, 29.27969
31782, 1.18125, 30.6931
31913, 0.0984375, 30.77174
32044, -1.525781, 28.88053
32171, -1.919531, 26.55882
32299, -2.264062, 23.8282
32428, -0.2953125, 23.54439
32554, 0.3445313, 23.98611
32681, -0.2460938, 23.67073
32813, -0.984375, 22.46197
32938, -1.821094, 20.24354
33066, -1.525781, 18.42153
33193, -0.196875, 18.23504
33323, 1.279687, 19.82746
33448, 0.4429688, 20.33096
33570, -0.6398437, 19.5201
33699, -2.017969, 17.04533
33825, -3.494531, 12.79405
33953, -3.592969, 8.475483
34075, -2.214844, 5.870671
34194, 2.953125, 9.621275
34311, 2.214844, 12.26285
34438, -0.196875, 11.93629
34565, -3.445313, 7.676241
34692, -4.971094, 1.64699
34812, -2.854688, -1.699292
34928, -0.6890625, -2.43446
35045, 1.722656, -0.2641053
35163, 0.1476563, -0.1429209
35281, -1.378125, -1.860271
35401, -2.75625, -5.226033
35517, -3.789844, -9.818913
35638, -2.116406, -12.29601
35758, 0.6398437, -11.41747
35878, 0.984375, -10.21587
35998, -0.04921875, -10.31406
36119, -1.525781, -12.20513
36240, -3.002344, -15.8689
36364, -3.986719, -20.69394
36486, 0.2460938, -20.2395
36616, 3.15, -16.34424
36741, 2.067187, -13.89744
36862, -2.411719, -16.96725
36982, -4.823438, -22.85973
37111, -4.035937, -27.68016
37238, 0.984375, -26.31018
37371, 2.264062, -23.53726
37496, 1.427344, -21.85256
37622, -1.132031, -23.30747
37747, -2.460938, -26.31635
37873, -2.805469, -29.6992
37997, -0.4921875, -30.20381
38120, 1.18125, -28.71666
38244, 0.984375, -27.53867
38369, 0.8367188, -26.54035
38494, 0.4921875, -25.96303
38619, -1.033594, -27.26108
38745, -0.9351563, -28.38302
38871, -0.7382813, -29.2616
39000, -0.0984375, -29.35576
39131, 0.5414063, -28.68168
39264, 0.9351563, -27.54415
39389, 1.427344, -25.81205
39516, 1.870313, -23.55
39648, 1.18125, -22.15611
39777, 1.033594, -20.92251
39908, 0.2460938, -20.65613
40034, 0.196875, -20.4234
40162, 1.132031, -19.03078
40289, 2.017969, -16.57412
40421, 1.919531, -14.27219
40549, 0.9351563, -13.1863
40670, 0.8367188, -12.18829
40794, 1.082813, -10.87996
40918, 0.6890625, -10.06746
41042, 0.9351563, -8.936814
41162, 0.984375, -7.753115
41284, 2.165625, -5.108414
41403, 2.017969, -2.689786
41521, 1.082813, -1.427425
41645, 1.132031, -0.06935418
41770, 2.017969, 2.385755
41889, 1.96875, 4.74842
42009, 0.7875, 5.647272
42127, -1.279687, 4.027342
42247, 0.3445313, 4.499463
42369, 1.624219, 6.501353
42486, 3.002344, 10.16267
42609, 3.740625, 14.68317
42735, 2.707031, 17.89491
42862, -2.805469, 14.32195
42985, -3.051562, 10.63831
43110, -0.2953125, 10.38706
43234, 5.414063, 17.10481
43364, 6.201563, 24.58827
43490, 0.6890625, 25.21186
43619, -5.561719, 18.29952
43751, -4.478907, 12.95015
43878, 3.445313, 17.37743
44008, 5.069531, 23.53663
44137, 3.592969, 27.79869
44262, -0.1476563, 27.47787
44388, -1.821094, 25.22157
44518, -1.279687, 23.70147
44645, -0.04921875, 23.68891
44780, 1.279687, 25.27394
44903, 1.722656, 27.36105
45027, 1.919531, 29.67308
45153, 1.033594, 30.88059
45280, 0.196875, 31.08391
45406, -0.4921875, 30.46581
45527, -0.39375, 29.99543
45658, -0.39375, 29.52305
45791, -0.39375, 29.05056
45922, -0.4921875, 28.45637
46048, -0.6890625, 27.62199
46180, -0.8859375, 26.5514
46305, 0.2460938, 26.88884
46432, -0.04921875, 26.82126
46557, -0.4429688, 26.27449
46689, -0.984375, 25.07303
46822, -1.525781, 23.22175
46953, -1.230469, 21.75465
47082, -0.04921875, 21.73958
47213, 0.1476563, 21.92631
47339, -0.6890625, 21.06877
47465, -1.575, 19.14388
47591, -1.771875, 17.0082
47716, -0.1476563, 16.89199
47842, 0.4921875, 17.50992
47966, -0.590625, 16.76148
48089, -1.771875, 14.58808
48215, -3.100781, 10.81474
48344, -3.592969, 6.482008
48470, -0.5414063, 5.944129
48590, 2.953125, 9.632513
48710, 1.476563, 11.35569
48832, -1.771875, 9.10245
48957, -3.691406, 4.592372
49078, -5.020312, -1.488489
49194, -0.8367188, -2.327427
49309, 2.214844, 0.4640753
49428, 0.8859375, 1.483243
49543, -1.378125, -0.2661964
49660, -4.232813, -5.465892
49775, -5.561719, -12.20128
49896, 0.1476563, -11.80651
50019, 3.9375, -6.923594
50143, 2.510156, -3.955966
50267, -2.75625, -7.467247
50384, -6.250781, -15.11978
50503, -4.872656, -20.92219
50624, 0.4429688, -20.18013
50746, 4.626562, -14.45574
50874, 3.54375, -10.23296
50996, -3.396094, -14.57918
51120, -7.579687, -23.84835
51240, -5.167969, -29.96581
51364, 2.75625, -26.35528
51498, 5.020312, -20.23417
51622, 1.722656, -18.2861
51751, -3.100781, -22.19005
51878, -4.725, -27.93155
52006, -2.903906, -31.35345
52131, 1.476563, -29.41309
52256, 3.002344, -25.74331
52384, 2.559375, -22.68453
52510, -1.771875, -24.97198
52635, -3.494531, -29.23985
52760, -3.15, -33.01128
52886, 1.132031, -31.4937
53014, 3.494531, -27.20335
53143, 3.445313, -23.06517
53278, -0.6398437, -23.97565
53404, -2.559375, -27.12702
53531, -2.264062, -29.83763
53658, 0.6890625, -28.90179
53786, 2.805469, -25.45039
53923, 3.346875, -21.41081
54049, 1.082813, -20.19394
54181, -0.7382813, -21.15013
54308, -0.1476563, -21.30971
54436, 0.6890625, -20.45103
54564, 1.624219, -18.46571
54696, 2.657813, -15.23707
54830, 2.707031, -11.9847
54959, 1.279687, -10.50095
55081, -0.6398437, -11.34579
55201, -0.9351563, -12.48419
55326, 0.2460938, -12.14542
55446, 1.821094, -9.895861
55568, 3.396094, -5.755517
55692, 3.445313, -1.615399
55808, 1.279687, -0.1667585
55927, 0.4429688, 0.3260942
56046, 0.3445313, 0.7332778
56166, 1.673438, 2.793348
56283, 2.953125, 6.391178
56398, 1.082813, 7.617998
56522, -0.8367188, 6.536238
56641, 0.39375, 7.051987
56766, 1.624219, 9.049911
56890, 3.051562, 12.76882
57015, 3.642188, 17.16507
57136, 0.39375, 17.5132
57263, -2.953125, 13.83812
57391, -1.624219, 11.93024
57516, 1.279687, 13.57753
57645, 3.051562, 17.31059
57773, 4.085156, 22.25526
57899, 2.608594, 25.33338
58023, -0.7875, 24.25655
58150, -3.888281, 19.46795
58280, -2.953125, 15.95122
58403, 3.346875, 20.20781
58531, 5.414063, 26.79544
58659, 2.805469, 30.07205
58789, -1.230469, 28.44291
58913, -2.165625, 25.79953
59039, -1.722656, 23.74623
59165, 0.7382813, 24.72416
59291, 2.214844, 27.443
59417, 2.510156, 30.46984
59547, 1.082813, 31.71833
59676, 0.1476563, 31.85869
59804, -1.624219, 29.84231
59927, -1.575, 27.95009
60054, -1.082813, 26.66896
60186, 0.8367188, 27.74214
60310, 1.230469, 29.23779
60434, 1.033594, 30.47179
60565, -0.1476563, 30.25174
60693, -1.033594, 28.97608
60824, -1.427344, 27.24707
60948, -1.870313, 24.98507
61080, -1.575, 23.10461
61210, -0.6890625, 22.31064
61344, -0.196875, 22.09357
61474, -0.4429688, 21.55425
61600, -1.279687, 19.98669
61724, -1.230469, 18.51007
61850, -0.2460938, 18.2515
61980, -0.39375, 17.77576
62109, 0.590625, 18.52026
62235, -0.590625, 17.76955
62362, -1.821094, 15.53617
62485, -2.903906, 12.00722
62608, -3.445313, 7.849485
62736, -3.15, 4.078979
62864, 2.313281, 7.054919
62986, 3.15, 10.87936
63111, -0.0, 10.76268
63237, -3.199219, 6.797276
63357, -4.675781, 1.121293
63484, -3.297656, -2.78832
63605, -0.8859375, -3.755001
63720, 1.673438, -1.636559
63837, 0.984375, -0.475692
63954, -0.7382813, -1.432424
64074, -3.199219, -5.372051
64194, -4.675781, -11.04694
64312, -1.378125, -12.57483
64436, 1.378125, -10.80819
64554, 1.033594, -9.574426
64674, -0.2460938, -9.919759
64793, -3.740625, -14.55039
64915, -4.675781, -20.20599
65039, -0.8367188, -21.06728
65168, 3.297656, -16.95202
65294, 2.214844, -14.32546
65421, -1.427344, -16.17405
65544, -4.626562, -21.85632
65666, -5.217188, -28.1479
65791, 0.590625, -27.22259
65915, 3.051562, -23.45521
66038, 2.411719, -20.5793
66165, -0.8859375, -21.76476
66299, -3.9375, -26.60492
66421, -4.035937, -31.4588
66550, -0.39375, -31.79798
66675, 2.903906, -28.18229
66802, 2.707031, -24.93342
66929, 0.5414063, -24.36454
67056, -2.3625, -27.31106
67183, -2.3625, -30.15264
67310, -0.7875, -31.03924
67435, 0.6398437, -30.21426
67561, 1.525781, -28.34686
67692, 1.476563, -26.57466
67823, 0.984375, -25.41098
67949, -1.230469, -26.97125
68075, -1.378125, -28.63549
68204, -1.378125, -30.28985
68333, -0.590625, -30.96989
68468, 0.6398437, -30.15744
68598, 1.525781, -28.29182
68723, 1.624219, -26.33702
68859, 0.7382813, -25.48175
68987, -1.279687, -27.09283
69121, -1.624219, -29.05837
69254, -1.575, -30.94757
69389, 0.5414063, -30.22381
69516, 1.427344, -28.47353
69644, 1.427344, -26.75852
69771, 1.427344, -25.04558
69904, -0.984375, -26.31177
70037, -1.821094, -28.5318
70164, -1.771875, -30.65828
70289, -0.04921875, -30.65306
70416, 1.427344, -28.88131
70545, 1.427344, -27.1651
70676, 1.18125, -25.75632
70805, -1.378125, -27.50402
70930, -1.378125, -29.16335
71064, -1.328906, -30.75661
71190, -0.196875, -30.95053
71319, 1.525781, -29.05376
71448, 1.525781, -27.219